1 2 3
1
1 1 1
2 2
5

9
7
12
2 2
5

9
7
12
1 20
17
16
16
9 9 9
9 9 9
9 9 9
9 9 9
9 9 9
11 11 11
11 11 11
11 11 11
11 11 11
11 11 11
11 11 11
14 14 14 
14 14 14 
14 14 14 
15 15 15 15
15 15 15 15
15 15 15 15
15 15 15 15
5 5 5 5 5 5 5
5 5 5 5 5 5 5
5 5 5 5 5 5 5
5 5 5 5 5 5 5
5 5 5 5 5 5 5
5 5 5 5 5 5 5
19 20 21 22
19 20 21 22
19 20 21 22
19 20 21 22
19 20 21 22
19 20 21 22
19 20 21 22
19 20 21 22
5 10 10 10 10 10 10 10 10 10 10 10 10 10

5 10 10 10 10 10 10 10 10 10 10 10 10 10

5 13 13 13 13 13 13 13 13 13 13 13 

5 14 14 14 14 14 14 14 14 14 14 14 

5 14 14 13 13 13 13 13 13 13 13 13 
